0.172505690475863	0.181180168407942	0.0371509697339744	0.6091631713822206	0.809048932919721
0.291994505395971	0.19425501820804	0.11720824171105	0.39654223468493904	0.768055324194139
0.262249675393372	0.0866628109296856	0.0523603830388542	0.5987271306380881	0.888016239403348
0.328830378043087	0.343523014409344	0.0838231275647476	0.2438234799828214	0.647163695482809
0.160542467259846	0.139961726571868	0.0446762725254994	0.6548195336427866	0.843242664979938
0.176716846151129	0.241019798638097	0.0675246459742573	0.5147387092365167	0.743052703634072
0.109807340931571	0.234685793927235	0.0436790262938047	0.6118278388473893	0.755444163096591
0.222853868631576	0.320715827519096	0.115169133533394	0.34126117031593406	0.657866553183963
0.091223003467139	0.190588274581842	0.0578352469444454	0.6603534750065736	0.790766311369603
0.193335299287975	0.228519269419568	0.110782197938005	0.46736323335445196	0.736303412799249
0.326838157035606	0.207455185989358	0.0165691460996806	0.4491375108753554	0.7917079827659
0.261312078603577	0.237477341138442	0.0406849873233173	0.4605255929346637	0.754015650964426
0.120960929434765	0.217400327696319	0.0489515755641016	0.6126871673048144	0.767171376879042
0.178421480297605	0.127911524550092	0.0325361334651194	0.6611308616871836	0.857831374193973
0.354492745847179	0.299257856807059	0.13080970908866	0.21543968825710205	0.676583421910165
0.26220034653392	0.277982281625026	0.0492589748315529	0.41055839700950114	0.712683046470683
0.105057077159125	0.154587001748015	0.120766574451569	0.619589346641291	0.800455640529024
0.230366331227492	0.107214238131091	0.0308381789290849	0.6315812517123321	0.876723644358451
0.279659375140492	0.275006362592812	0.0443102241834816	0.4010240380832144	0.719060046523132
0.2196802251561	0.292255719825604	0.021278807069789	0.466785247948507	0.711247484096239
0.182040309004049	0.374781037110122	0.0511149299934992	0.3920637238923298	0.62338305429239
0.353050427773235	0.205007949429117	0.0646682126325338	0.3772734101651143	0.776626670871976
0.209930221573753	0.360315340784358	0.11503399005971	0.31472044758217904	0.614667997611644
0.245502552149656	0.384856846756889	0.110828086449235	0.25881251464421995	0.602461732426488
0.160127290723424	0.177299657924103	0.0127376297237335	0.6498354216287395	0.821761615358538
0.222864453995435	0.203330442058435	0.106050710497799	0.46775439344833103	0.763223947638628
0.239408563159391	0.241342999918708	0.0155563812677646	0.5036920556541364	0.761306370724014
0.290782051730688	0.323102570574329	0.0959982914950077	0.2901170861999752	0.660524408750521
0.32454623433667	0.321148138378269	0.0768005335562915	0.2775050937287694	0.666174026121068
0.14130405976114	0.301065086665016	0.0378830262197793	0.5197478273540646	0.695076129985317
0.0832306326322017	0.134441677746866	0.0514657774767183	0.730861912144214	0.844598766367624
0.1722546440117	0.317926877494685	0.109783524977529	0.4000349535160861	0.658323045127827
0.332997217595612	0.150475837938989	0.0577591771258187	0.45876776733958036	0.827948131310861
0.17068489004232	0.210440120568752	0.112600396164696	0.5062745932242321	0.752271741381705
0.14605342544198	0.172252513232286	0.00173166798042183	0.6799623933453123	0.828798370871207
0.346079005867839	0.178099812885012	0.0332204485284384	0.4426007327187106	0.813368683122513
0.332090554149657	0.102450645084324	0.070149951443085	0.49530884932293395	0.867099016289289
0.180193395254148	0.205270769775616	0.0993847155480269	0.5151511194222091	0.762672091484043
0.371764476628353	0.318443981250474	0.116846625768317	0.192944916352856	0.662657725000773
0.158716453112395	0.143449609406683	0.138070878013424	0.5597630594674979	0.8017376167338
0.18720329142029	0.308513723745093	0.0293432645487584	0.47493972028585857	0.692872251751916
0.265509747220602	0.31017452740513	0.0477376119432824	0.3765781134309855	0.685099469392412
0.230223294824973	0.318686305639168	0.0643183255204344	0.3867720740154247	0.66981156606203
0.274926140753708	0.286730487901254	0.148331505630851	0.29001186571418697	0.672712895922206
0.267219320636666	0.209938059898477	0.0183921798231344	0.5044504396417226	0.789149867735156
0.341265842479344	0.324651262139609	0.0262005983955396	0.3078822969855074	0.68119474578782
0.284514558761574	0.318485911574453	0.120897005916938	0.2761025237470349	0.657476029794211
0.301356675988837	0.308250168016612	0.0529750257704374	0.33741813022411365	0.686199666090259
0.182391813808766	0.208405609371916	0.0671590016108902	0.5420435752084278	0.773118761556159
0.317702129286672	0.245900052038586	0.04855522873066	0.38784258994408205	0.745304040323917
0.274433062068993	0.28727683117006	0.0697115934132266	0.36857851334772046	0.699066285287109
0.299003421565792	0.271919374301365	0.0667361226524991	0.36234108148034394	0.711979380323925
0.344728398469203	0.362103707767732	0.135638425913136	0.15752946784992902	0.616156294267405
0.335033878358479	0.161783281913593	0.051015662854665	0.45216717687326297	0.821732474567382
0.24133125002248	0.246508031703242	0.114305515312102	0.397855202962176	0.720670762022197
0.154278981607182	0.298863769422969	0.0592641327872184	0.48759311618263057	0.690308977405395
0.288661807735299	0.302973518505314	0.050659899243119	0.3577047745162681	0.6919757686857
0.154917886559996	0.330509716244415	0.146306422595958	0.3682659745996309	0.640962681948943
0.233417436439129	0.323463084173977	0.0803002319433251	0.36281924744356886	0.662580981671845
0.243654497804869	0.119882149442645	0.0818691665053128	0.5545941862471732	0.845977827264053
0.21523626138219	0.295847009634955	0.0712291244257617	0.4176876045570933	0.690683932972989
0.125006913974861	0.140912062926311	0.0648075407993076	0.6692734822995204	0.835502727670891
0.26725277868162	0.261321561897528	0.103946039434429	0.36747961998642303	0.709596772530672
0.341753780942525	0.198371879297384	0.0539406916014099	0.40593364815868105	0.784332653528832
0.312067497009469	0.164576309394059	0.0636421067008688	0.4597140868956032	0.813098108904307
0.128094997323588	0.343739708863683	0.175246244635439	0.35291904917729	0.613458856210471
0.176434604304841	0.33304716457082	0.068300878700885	0.42221735242345393	0.658994418748988
0.32075643853422797	0.293197249601687	0.107284740824424	0.278761571039661	0.684489175661967
0.0813079207734851	0.170787177376966	0.0890277886957726	0.6588771131537763	0.798318284488677
0.347533432634706	0.190657900316681	0.0433694207928459	0.41843924625576717	0.796047280058503
0.137594000377438	0.35767998749799	0.075064942024542	0.42966107010003	0.634690014994871
0.342474142547307	0.196519196221417	0.0448657736512916	0.41614088757998435	0.791283417520763
0.218805918131243	0.160214440340015	0.0626653896948586	0.5583142518338835	0.818406889275668
0.264300127270998	0.244493217573738	0.0363032264254489	0.45490342872981515	0.74962685310038
0.255310076098908	0.319742266958954	0.0603973646705952	0.3645502922715428	0.673587981063397
0.365967861064207	0.11741644533518	0.0974795426413704	0.4191361509592426	0.838732541146657
0.164884638257099	0.236820755219336	0.0263899507686503	0.5719046557549148	0.760223079535483
0.340915993975725	0.130297642026745	0.0545673773343172	0.4742189866632129	0.850581377429346
0.30647407659537	0.200136491915941	0.0787101779879811	0.414679253500708	0.775700351218611
0.177679909251761	0.24883409638848	0.103355488045227	0.470130506314532	0.723880460186802
0.0985995856011292	0.338928893469656	0.0827883106855954	0.47968321024361943	0.647850161081903
0.428821074345827	0.168670330528959	0.0109503058141907	0.3915582893110234	0.829755288197366
0.15878657470492	0.370981332136131	0.0703842761931544	0.39984781696579463	0.622990658660438
0.156442327672147	0.343505325136066	0.14381360859904	0.356238738592747	0.624084008746724
0.0699931980156631	0.225521731271393	0.0761820291861151	0.6283030415268289	0.750377785341964
0.0484804426315113	0.14089430123433	0.0740081122021757	0.736617143931983	0.830441453239666
0.226775007510508	0.137168904109267	0.0106896313517395	0.6253664570284856	0.858741657851478
0.255750363328699	0.234942429570165	0.0251186441427424	0.4841885629583936	0.764526459370876
0.206683466276778	0.158251667588209	0.0365050645971208	0.5985598015378922	0.826957397081923
0.284503927094781	0.266162262236844	0.0553886148144902	0.39394519585388477	0.723711847900088
0.32409140899939	0.233142050933055	0.0534561628464072	0.38931037722114775	0.757606460270699
0.106751679029302	0.163750232874226	0.00318539670961392	0.7263126913868582	0.837435247587303
0.250836170888386	0.404496888204892	0.0737246596906926	0.2709422812160295	0.5930327809356
0.19977514617036	0.258880679237432	0.150580817892307	0.39076335669990103	0.697354355365067
0.231601117514041	0.234772040190374	0.118994723621064	0.414632118674521	0.728055030511609
0.0498700140064599	0.142545335643561	0.0277278217209432	0.7798568286290359	0.846078362513523
0.335815940160032	0.143539118186227	0.03590450399248	0.48474043766126096	0.844433382331579
0.319527095900246	0.287597991151001	0.0570216715830342	0.3358532413657187	0.703147003078019
0.150764148352564	0.204289295122731	0.0795885366300918	0.5653580198946132	0.766219667544967
0.190400035793335	0.170346659082156	0.0905912666092663	0.5486620385152428	0.796895244743128
0.17913513259653	0.276727824093118	0.0873750839637076	0.4567619593466443	0.699452126873969
0.240555120461236	0.32699287954976	0.0152910379928958	0.4171609619961083	0.681962286862959
0.0791979665198223	0.263567049925616	0.0375519185272674	0.6196830650272943	0.731168758958874
0.163689802329484	0.177251553076032	0.142681209152166	0.5163774354423181	0.76943722592913
0.253530349145553	0.218605265320591	0.0498064754226774	0.47805791011117865	0.767746441423741
0.162414021770568	0.225296812150324	0.0722314067596737	0.5400577593194344	0.751354470220035
0.303154278847346	0.205245721780146	0.0306457891136859	0.4609542102588221	0.788569542971435
0.257042707469447	0.10830132188865	0.0775271828080697	0.5571287878338332	0.8582297883681
0.248641803728581	0.3186606365528	0.144149835759908	0.288547723958711	0.647004407297481
0.255120658839333	0.367516062199518	0.125548499378784	0.251814779582365	0.610053528556308
0.24542556425674	0.269728060796254	0.0445052552020173	0.4403411197449887	0.724416746869555
0.357658356887186	0.204819790038186	0.0992899997388277	0.33823185333580025	0.762341818767151
0.0756784101031712	0.361879626802855	0.0596102500662187	0.5028317130277551	0.63198829654089
0.311860115266941	0.0176487127384846	0.105925234608875	0.5645659373856994	0.930980000396695
0.374171307396901	0.186351173344528	0.0297449858420725	0.4097325334164984	0.808046876272426
0.214108264459883	0.146071437662538	0.0688403850255665	0.5709799128520123	0.828464852230655
0.245492651665288	0.23574666510323	0.0448713277156645	0.47388935551581746	0.754866464949619
0.303876239790488	0.361101498194972	0.0677707662262034	0.2672514957883366	0.635298945545399
0.182483122449586	0.305579475076746	0.105531835912908	0.40640556656076005	0.674220601504027
0.209346178170928	0.247692919935772	0.00186779412087824	0.5410931077724217	0.761925609196294
0.382613020691346	0.180089255874271	0.0260357465372178	0.41126197689716515	0.814132825465561
0.219567674344375	0.244499066434053	0.0834372588799922	0.4524960003415798	0.731695994255062
0.163227583882354	0.221024803795728	0.0688614764947808	0.5468861358271372	0.759007922970273
0.136607596877	0.301474401256586	0.126868776861106	0.43504922500530807	0.667917087624377
0.336179154564887	0.265639306416533	0.0342389840550435	0.3639425549635365	0.73121729601846
0.30116889392928903	0.16052413197038	0.0639958194217095	0.4743111546786215	0.814016916169828
0.258154903568145	0.303538271920187	0.104180141234194	0.334126683277474	0.675906950853919
0.197655955369926	0.22589672172622	0.0659302238740782	0.5105170990297758	0.755493076246604
0.428184077350257	0.309779511210866	0.0304394490305807	0.2315969624082963	0.695618615742905
0.118150201173642	0.178286084479717	0.0687774903520166	0.6347862239946245	0.796939228690436
0.191599950469697	0.0256270190150249	0.0730275117142969	0.7097455188009811	0.937464483730436
0.0203704100214396	0.23251489340313	0.122758763832396	0.6243559327430344	0.725859594489671
0.257076095248159	0.139438120165548	0.0523426879697957	0.5511430966164973	0.841932002796979
0.235766565151808	0.179993310921364	0.0589562387481066	0.5252838851787214	0.802806121280148
0.209514785892911	0.115618753539217	0.0422883263990784	0.6325781341687936	0.867178235304265
0.261129411489431	0.1056958476842	0.0801093241433809	0.5530654166829881	0.861092419013576
0.147991989230642	0.27343726675117	0.0917491865233959	0.48682155749479206	0.701643464210439
0.120342301900464	0.0952300728281151	0.0730828660630665	0.7113447592083544	0.872283291593419
0.444641383767402	0.267229864261625	0.0515153197716042	0.2366134321993689	0.726479118973019
0.28867057325309	0.250327403544926	0.0511628244537388	0.4098391987482452	0.739965203372824
0.169312203473983	0.259128675089987	0.00671785058456133	0.5648412708514687	0.747267864124321
0.15026221090464	0.316152763913054	0.0701171457480469	0.4634678794342591	0.674230972098038
0.0824986430091867	0.26664797880793	0.162355671829249	0.4884977063536342	0.684597497133269
0.366785811247961	0.0580879293674743	0.0930973266456277	0.48202893273893704	0.899670799670215
0.301244762046463	0.244468960366172	2.43611956379938e-4	0.45404266563098505	0.764181607460054
0.211963023303719	0.211817423502663	0.114079754188477	0.46213979900514107	0.747305752444419
0.243685729307453	0.187273009058447	0.035204917743776	0.533836343890324	0.803745757320818
0.119628684183696	0.182897966871144	0.129454309383561	0.5680190395615989	0.771235038487413
0.0957695089237573	0.285261478090767	0.118668054350336	0.5003009586351397	0.68455105874979
0.256525375009749	0.374099375011417	0.0584686506553868	0.3109065993234473	0.623379262175351
0.195509069778102	0.328454908084372	0.082718400704304	0.393317621433222	0.65419558779104
0.401064777729591	0.347414227966312	0.0236425052900771	0.22787848901401986	0.660364665081416
0.238170809315837	0.283726781339399	0.044679393626072	0.433423015718692	0.709420841992293
0.209748331658132	0.212184127723101	0.0615211379266239	0.516546402692143	0.767367595167343
0.111271556151516	0.247563012419325	0.0494082470985897	0.5917571843305693	0.741322615257889
0.209807533619356	0.310912302865845	0.115428513328218	0.363851650186581	0.666615707429847
0.400682866437978	0.29912141056695	0.0592452690750965	0.24095045391997547	0.695102817419197
0.159299141985052	0.162179408313277	0.032120177691605	0.6464012720100659	0.82790694097685
0.335797711289992	0.33780437590066	0.0383406791821747	0.2880572336271734	0.662539365666921
0.404828753458529	0.297509766177732	0.0714595617430308	0.2262019186207082	0.696482938504271
0.329639545828031	0.310383655624609	0.0556587249899023	0.30431807355745766	0.683135567739383
0.0960136000480126	0.316112021213468	0.119440490813216	0.46843388792530344	0.654904460871852
0.133787700624164	0.168927686538614	0.0813180063469822	0.6159666064902398	0.801112572283878
0.20687183603694	0.307543522046444	0.0721741684322078	0.4134104734844082	0.67945313115411
0.304163036337345	0.282235090447121	0.0997975537472391	0.31380431946829496	0.694921094135704
0.29678428614146	0.191448545609024	0.0617041991620937	0.45006296908742227	0.790152313203936
0.178509664881327	0.287857004187457	0.0757992544393306	0.4578340764918854	0.69462592879334
0.394336775109577	0.274371919857597	0.0178592823290234	0.3134320227038026	0.730354439539042
0.249684212858268	0.242524583121866	0.0666037428045959	0.4411874612152701	0.741205757155572
0.417642763586615	0.286966581498137	0.117807210622489	0.17758344429275902	0.691933211127133
0.125121850025501	0.254645195685819	0.055200228750496703	0.5650327255381833	0.732257046677999
0.348328266576058	0.219191086144816	0.0268346992950455	0.40564594798408055	0.777883714829419
0.321494278420659	0.0907602486985136	0.0544849069240177	0.5332605659568097	0.886397270520816
0.240797180198764	0.276096582060298	0.0380511494990435	0.44505508824189444	0.71945532111311
0.364012857090472	0.222778844402171	0.0217957447020645	0.39141255380529255	0.776182583453157
0.422395475867641	0.239673214159244	0.0345721726223588	0.30335913735075626	0.759331356172749
0.222415308195758	0.207024273411935	0.056860519713202	0.5136998986791049	0.776466603400485
0.422467667477237	0.28598306356347	0.0390014963954117	0.2525477725638814	0.712408133452719
0.410788632241383	0.273657993548492	0.0468700996785554	0.26868327453156965	0.719192043047703
0.225547493772291	0.266151793541269	0.00657630579483139	0.5017244068916087	0.741735083079322
0.224746119128044	0.131260015272609	0.101972861037012	0.542021004562335	0.828477523538659
0.338745988007246	0.339845332245961	0.0465641789360943	0.2748445008106988	0.659000256949051
0.203811907934743	0.326989335141477	0.071118996424178	0.398079760499602	0.66441633367358
0.20992897366659	0.217092416162395	0.0528706153626	0.5201079948084151	0.770356494539121
0.155381219179653	0.175243238833401	0.00493114412248236	0.6644443978644636	0.827993021206887
0.187183362625216	0.160594829605864	0.112728855799475	0.539492951969445	0.797850231571726
0.29689822148493	0.230273070725047	0.0455963028613506	0.42723240492867237	0.759946444071791
0.213333166456401	0.303560140491978	0.05202190610304	0.431084786948581	0.689945181314011
0.422937845209869	0.34967154765734	0.0239058917171917	0.20348471541559932	0.657627026649372
0.126825956533452	0.31851848570696	0.142728457971175	0.41192709978841296	0.650235491232087
0.232606074649507	0.159078536742821	0.0995997980107107	0.5087155905969613	0.805426327261519
0.291816248381341	0.366454376042297	0.0712434973088853	0.27048587826747666	0.628670218956744
0.296972645888021	0.234307034929583	0.0175601742363336	0.4511601449460623	0.766395781067361
0.146656888288477	0.288060531931731	0.0544532940107942	0.5108292857689978	0.702114147962277
0.320656711331302	0.192809915121116	0.0317038050245402	0.4548295685230418	0.800867904518299
0.125966359616395	0.27805605706446	0.055277941139084	0.540699642180061	0.7105805624191
0.242663069207614	0.245937468558046	0.0728815875825435	0.4385178746517966	0.733865949451247
0.24646519236984	0.243602689744168	0.0728481411055419	0.43708397678045013	0.739425422758628
0.165229387474517	0.308464849145748	0.116217856519137	0.410087906860598	0.6685458181158
0.496251564298612	0.278715017877372	0.0700292449484935	0.15500417287552243	0.710814127007814
0.241779632093106	0.106181455357478	0.087435905652392	0.5646030068970239	0.85725182435844
0.321800159128049	0.308004717458493	0.0301894755650628	0.34000564784839515	0.69394679985497
0.184940002913752	0.234836398026244	0.0907302549005811	0.48949334415942286	0.739016237592938
0.16386757566537	0.331873806852367	0.157437449980303	0.34682116750195996	0.636313060645518
0.155816906538217	0.32061277699479	0.164338109424545	0.35923220704244796	0.642860892411506
0.277192635188909	0.216423273107023	0.0767444147691295	0.42963967693493843	0.760167440780301
0.249421141797471	0.13033725092722	0.0783654056325379	0.5418762016427711	0.839086197238936
0.254994110248427	0.276457249235362	0.053212075151601	0.41533656536461	0.716301791365365
0.159768777562509	0.190054997191783	0.0623743333397301	0.587801891905978	0.789551401179493
0.252690571340133	0.127824005433705	0.0243563038902368	0.5951291193359252	0.86323437177791
0.263538442496605	0.334867302370457	0.0765655501325997	0.32502870500033837	0.655725010421332
0.246877980924624	0.385707656782939	0.0958851501879748	0.27152921210446224	0.602826430537092
0.280094882102906	0.141032874209879	0.0580010781401111	0.5208711655471039	0.839575747134893
0.218159144037586	0.314607201389763	0.0639621395371487	0.40327151503550235	0.676364692931544
0.033240979717919	0.22489815698404	0.0669025394117664	0.6749583238862746	0.755059543646372
0.308826608130583	0.278843800135598	0.0320598521275275	0.38026973960629146	0.719952275114562
0.293869860786282	0.345410155288422	0.0189682430838895	0.3417517408414065	0.662462451159683
0.12075183059919	0.213854575906074	0.112809035525194	0.5525845579695419	0.748118296368518
0.134270577654605	0.176643889823155	0.0847815275706501	0.60430400495159	0.793405905236986
0.353941097367308	0.105596508362561	0.0492488973910478	0.49121349687908317	0.876396628999774
0.154050508786792	0.140974902307726	0.044274121334242	0.6607004675712399	0.840491035341182
0.111567400608372	0.294586369487029	0.097227776973698	0.496618452930901	0.688398148279377
0.333644503932727	0.258363231215798	0.0635840222543604	0.34440824259711467	0.727476519134443
0.236937630718204	0.221025511205004	0.105268742439281	0.43676811563751095	0.744749868891079
0.24053122400762	0.377996820226326	0.138386209738334	0.24308574602771993	0.600097022077371
0.117929060667618	0.275485776895349	0.0403333124198485	0.5662518500171846	0.71849676622004
0.266427190124038	0.240521310291746	0.0615218501148573	0.4315296494693587	0.745262359315119
0.288652534425064	0.229392822107594	0.0341681601702235	0.44778648329711845	0.765519857042729
0.367742864622286	0.365227551397797	0.0248956669292357	0.2421339170506813	0.643121192990191
0.126186178966731	0.221333896139723	0.049008006618209	0.603471918275337	0.766204773935135
0.216396203166411	0.176188588272639	0.0426501508196953	0.5647650577412546	0.808096373062566
0.30636453342588	0.238640863409092	0.0091246685220283	0.44586993464299973	0.766661259951942
0.272195563851389	0.225551906982352	0.0781134352748305	0.42413909389142845	0.756073528107472
0.157257465221243	0.20060630335552	0.0963127777943333	0.5458234536289036	0.769506961836459
0.257825618574435	0.230221367926413	0.0881684278577395	0.4237845856414125	0.74558134640121
0.414417206808314	0.298396663587413	0.0821329278779324	0.2050532017263405	0.691441506980046
0.273187678953366	0.173498278406277	0.119562636480654	0.433751406159703	0.787054642845998
0.198189134145487	0.102689577089176	0.0898359147191774	0.6092853740461596	0.859514806502228
0.226074704289892	0.372843526517006	0.151674517660032	0.24940725153307006	0.600777428234197
0.156933485167969	0.0638910158743328	0.151379112768413	0.6277963861892852	0.870789437109723
0.202886884936566	0.265217558691461	0.0121616533677668	0.5197339030042062	0.738865827189186
0.0879726701920831	0.18638256504300801	0.108012240402326	0.6176325243625829	0.776628843501253
0.377842131046363	0.124695975423605	0.0409060263693975	0.4565558671606345	0.860883127262159
0.230632581917015	0.330274182536697	0.120630938211588	0.31846229733470005	0.646131355059148
0.248853339944291	0.258516742988134	0.0706199639007126	0.4220099531668624	0.724724802176567
0.122870954466311	0.142686441070801	0.0621778423415141	0.6722647621213739	0.831515297849378
0.381932046421143	0.0679800340556095	0.0735035013917843	0.47658441813146324	0.901415396926762
0.22757488012119	0.19348589927383	0.0549574821332838	0.5239817384716963	0.792133879275459
0.246460500214973	0.283934679647528	0.0421340408475076	0.4274707792899914	0.71084851695944
0.114267134884331	0.203784652709313	0.0558124646972191	0.6261357477091368	0.778056763851442
0.128037461513637	0.194220184835117	0.11763410790116	0.5601082457500859	0.765249699682454
0.211511071279305	0.31221383068076	0.0609442287934019	0.4153308692465331	0.682231301244784
0.325262842287846	0.128882678771503	0.0387831747325989	0.5070713042080521	0.854258999260793
0.381870332548707	0.15836206010365	0.00328599340736848	0.4564816139402746	0.844757185997166
0.264173854986299	0.256541306711925	0.0418790931736616	0.4374057451281144	0.739123289794277
0.103756122372923	0.102720950822798	0.131269538681055	0.662253388123224	0.841554618163727
0.210881812994263	0.241636439560417	0.0618306432716505	0.48565110417366947	0.742089900552562
0.253205388124824	0.310817789484314	0.120821932090571	0.31515489030029104	0.666029486393845
0.189367360228898	0.217885047543765	0.0653867485272255	0.5273608437001115	0.763562041640898
0.410265951271538	0.263333383684922	0.0284943827512404	0.29790628229229965	0.736799765482143
0.351022351562357	0.240864632538925	0.107204717944904	0.3009082979538141	0.731540410443436
0.32829550813351	0.204912017138617	0.0702671740798791	0.39652530064799396	0.776293874642341
0.161614173774332	0.261503878155704	0.0640745101682423	0.5128074379017218	0.719839684211815
0.286752160468388	0.239671493072023	0.0339842355352097	0.4395921109243793	0.756955488703163
0.241392676498999	0.277332526494928	0.0444939709909694	0.4367808260151036	0.716466336325829
0.266498661795615	0.254962685931895	0.0848488930224572	0.39368975925003286	0.720680298549341
0.165733862860509	0.208077167914925	0.0495157256535248	0.5766732435710412	0.779619498640263
0.112680414077631	0.294281669885924	0.146641711990673	0.44639620404577196	0.670203373911331
0.23125333188128	0.279714106744586	0.00873420606426208	0.48029835530987197	0.727698729518495
0.413612549487479	0.177976109696727	0.0224083242110795	0.38600301660471453	0.81800476866958
0.204523954841755	0.350066571910699	0.00448613435705303	0.44092333889049296	0.664186251976593
0.114579025922464	0.104099588977638	0.115423634008451	0.665897751091447	0.84864883242351
0.16646615961009	0.293525901298256	0.144995034792611	0.3950129042990429	0.672674713543796
0.290636644538032	0.326299238813193	0.0744405231071809	0.30862359354159413	0.663303750874482
0.13143234349226	0.373720903581543	0.0735405091466814	0.42130624377951564	0.617506275323079
0.191555625519765	0.177332831331985	0.00750765129544564	0.6236038918528044	0.819402261549306
0.348835022734609	0.149955871156423	0.0886994261361837	0.41250967997278437	0.816655939065102
0.122449653521387	0.291443097822794	0.0672808209051186	0.5188264277507004	0.693189271848795
0.27593532500008	0.381629176537569	0.104146687103898	0.23828881135845298	0.606738709202038
0.131444671971928	0.208612381812163	0.0177823420530018	0.6421606041629072	0.790280506780013
0.280901394976683	0.216655128771683	0.0167892235477605	0.48565425270387347	0.783573113823059
0.413615572664174	0.273285750820199	0.0605936028797944	0.25250507363583263	0.718050943345482
0.355774367454169	0.193430686516311	0.0681451438430972	0.38264980218642275	0.784567578400208
0.214441739452359	0.208946924607717	0.0923676573867556	0.48424367855316836	0.76128566697872
0.177304338959736	0.225821424013913	0.0815722686043552	0.5153019684219958	0.74944741807136706
0.269718751795483	0.129460275497151	0.0478999645205133	0.5529210081868527	0.851872249410908
0.319547738411678	0.215157958225821	0.045663164203336	0.41963113915916495	0.774649472618139
0.0723199737047482	0.314062283576548	0.174677282518486	0.4389404602002178	0.644785300350101
0.125845429248546	0.259683354168234	0.101365854562897	0.513105362020323	0.710409487829118
0.142010933202526	0.261707080220745	0.134753829437748	0.46152815713898104	0.698626706751383
0.285974882468582	0.171808356196938	0.0200450829785056	0.5221716783559744	0.823977596116079
0.303488460907091	0.339283788984225	0.0349892346213104	0.3222385154873737	0.662673386314191
0.306842509431577	0.370013473017866	0.118040895925485	0.205103121625072	0.614113582022902
0.204125049907083	0.120331440242157	0.0640390074303875	0.6115045024203725	0.853646030539863
0.221318693175244	0.220150842512417	0.112313047414291	0.446217416898048	0.744847791232726
0.110541783773987	0.247382919481094	0.0834440088075588	0.5586312879373602	0.72829088764918
0.142800494236069	0.328118746049315	0.0356756896141845	0.4934050701004315	0.674641761162517
0.330496061972857	0.134017486864333	0.121311379704797	0.414175071458013	0.818621912143347
0.310887028236204	0.195867517789505	0.0745481125813303	0.4186973413929607	0.778285048952809
0.423855453219621	0.328624998851596	0.100011242084372	0.14750830584441094	0.659444539747771
0.137983495120246	0.215505670331485	0.16516315769352	0.4813476768547491	0.727218520557055
0.125376832716199	0.355340363472652	0.204612567522246	0.314670236288903	0.601009344216453
0.24490229671956	0.361470861770111	0.15902924614502	0.234597595365309	0.609020442210235
0.197832049300017	0.264235710593417	0.164894213327439	0.373038026779127	0.687640795419838
0.175678501274288	0.226353108010263	0.0276706970467	0.570297693668749	0.770819216073787
0.0618854265828663	0.138644019490768	0.0562577816729018	0.7432127722534638	0.83738786535365906
0.134039608808278	0.0996091890128097	0.0341452391797343	0.732205962999178	0.883950311074307
0.272544269752418	0.0985825698652096	0.0196916339926415	0.6091815263897308	0.892274359242183
0.39415697619873	0.13779219558612	0.0419746995003205	0.42607612871482947	0.846152694309527
0.246891804273964	0.289497342472615	0.0533432710360929	0.41026758221732806	0.702092629849643
0.267601302157288	0.238516832087213	0.0431012633046043	0.4507806024508947	0.75288707248028
0.172622280776256	0.20247474740095	0.0906420653675866	0.5342609064552075	0.768430814411699
0.206162017691257	0.160968082612628	0.0244223149007127	0.6084475847954024	0.830654193332555
0.277133374641952	0.163695911074516	0.0611860238889973	0.49798469039453475	0.816237269246775
0.345546915354979	0.145507353007262	0.0365260973476166	0.47241963429014233	0.839467848522419
0.0407473209809606	0.280449303213976	0.157523098914927	0.5212802768901365	0.678949349586301
0.269326790879104	0.253377059542024	0.0628434031782266	0.41445274640064544	0.729770645873306
0.268006007946258	0.205713924655282	0.064642398516914	0.461637668881546	0.775174122637356
0.242461104950326	0.187775147854898	0.0566607512626649	0.5131029959321111	0.795776142661158
0.343140041973351	0.251903236882207	0.0157019092473067	0.3892548118971353	0.752077594227527
0.235002732939237	0.172786795934739	0.119341308827067	0.472869162298957	0.78767109477731
0.175385204759847	0.0690480368425324	0.0500273519949562	0.7055394064026644	0.904833652488684
0.185551630779715	0.203969605730438	0.0308928754106694	0.5795858880791775	0.791155526198366
0.441343651395129	0.184268258629847	9.86851709103308e-4	0.37340123826592075	0.821410845834037
0.200827261021795	0.114842146328538	0.0778932727605951	0.606437319889072	0.853786937789387
0.206119407032246	0.306205940895072	0.0787697151984503	0.4089049368742317	0.675742595601594
0.351395393974086	0.198407152575123	0.0635542617909196	0.3866431916598715	0.781800983766872
0.207781190423389	0.319236583190313	0.0650673886491407	0.40791483773715725	0.67270672564242
0.142972296363126	0.253085554345704	0.0563902751661217	0.5475518741250482	0.736434099479105
0.238804006236274	0.300978406742553	0.0605860857612085	0.39963150125996455	0.68895988440087
0.25957375472747	0.172915502509647	0.0891043492816834	0.4784063934811995	0.793451709190803
0.16020801811881	0.160217031845469	0.0093589324949428	0.6702160175407782	0.836968423495025
0.107675800070341	0.274836075282502	0.111782674228575	0.505705450418582	0.695850989693986
0.275657339597179	0.137407764010827	0.0104490433501025	0.5764858530418915	0.8569618922275
0.201407712912373	0.359639405697456	0.142463647203367	0.29648923418680395	0.615677186110335
0.163581359555181	0.335301545616283	0.0764587260374227	0.42465836879111335	0.651912114256589
0.250536227476446	0.248978332248351	0.0551181424862603	0.44536729778894274	0.737561330191475
0.183016273054843	0.221767913223832	0.0463242279602209	0.5488915857611041	0.767825962174892
0.210940583355415	0.345876847555403	0.143788288890123	0.299394280199059	0.623915738886127
0.256938125786992	0.192897296801631	0.0285093042911435	0.5216552731202334	0.803476862956311
0.238958379403513	0.240071493946289	0.0831812695882567	0.43778885706194126	0.736325232548347
0.285342142828179	0.359835205632538	0.0520519390810518	0.3027707124582311	0.641061261150859
0.251114989246187	0.275690746318834	0.00234327679777786	0.4708509876372011	0.733151979822533
0.280630324226047	0.214866370082486	0.0870576925685508	0.41744561312291617	0.758559650299146
0.280270787223213	0.237861125198421	0.016081489007649	0.4657865985707169	0.763590862206701
0.198098122618226	0.260641284667813	0.0783219587557335	0.4629386339582275	0.72168838924185
0.246213921901835	0.18962070545761	0.00263802039604519	0.5615273522445098	0.812336145942424
0.0760044885792167	0.30939840737205	0.0117115259337811	0.6028855781149521	0.69794054471105
0.295875489710428	0.297875559504661	0.0167166933799624	0.3895322574049486	0.708820862614824
0.281057918657424	0.285704166251302	0.0470333916510228	0.38620452344025114	0.709708772222185
0.0387296351126507	0.305950068778812	0.0766667501091	0.5786535459994374	0.676666845081941
0.352140417827345	0.252274329184001	0.121753885709207	0.2738313672794469	0.717163779626511
0.105454822409566	0.305771463609753	0.137126480130732	0.451647233849949	0.660936024377992
0.20515864023826	0.203135776128484	0.0768539184837933	0.5148516651494627	0.771434046996962
0.215329552538063	0.285416119203652	0.052691929039771	0.44656239921851404	0.704961794438632
0.218419407651875	0.280579532578694	0.130342892326869	0.37065816744256197	0.680043478582867
0.331002005715753	0.263895318787535	0.0666194217584904	0.3384832537382216	0.726068768100967
0.172878816151969	0.143460315104462	0.0518177452025786	0.6318431235409904	0.836430940926102
0.326963340076121	0.142134393453799	0.0997304717673161	0.431171794702764	0.820292251617222
0.414009624050789	0.0684791872657531	0.0446360119370902	0.4728751767463677	0.910304694266107
0.332234858298839	0.215284808445538	0.0606735081026263	0.3918068251529967	0.76894702323421
0.395172907975843	0.207324470808002	0.0661711752518628	0.3313314459642922	0.773606412631559
0.15781934022068	0.388246872098906	0.15099137005969	0.302942417620724	0.585786124535381
0.203980507457367	0.20041169588649	0.0675754296548507	0.5280323670012923	0.780403449106667
0.258017341826429	0.154825855968052	0.0473294563286743	0.5398273458768448	0.827439360176287
0.241513229419058	0.206965589153638	0.00107639543420755	0.5504447859930964	0.795915297552071
0.078361780951872	0.211926875386318	0.0373831037160289	0.6723282399457812	0.777409068304567
0.225071313653723	0.120546025525173	0.0055226879042473	0.6488599729168567	0.876346208020734
0.242033058640108	0.30900528068979	0.135161625806903	0.31380003486319896	0.662896185197893
0.370800763117236	0.205513548485192	0.0300778843561907	0.39360780404138135	0.790414380124217
0.280509774219548	0.235510967370043	0.0209801637112428	0.4629990946991663	0.766138776858457
0.332963017804829	0.09096072087772	0.0237822942324637	0.5522939670849872	0.899791285192851
0.189995636565076	0.367032953088043	0.0828157876699732	0.36015562267690776	0.622524741145319
0.150957174643238	0.0979170571176806	0.079659362758477	0.6714664054806044	0.867881165359911
0.332789457985589	0.208419415712217	0.0533694665135649	0.4054216597886291	0.777223143567234
0.254942441291623	0.188660874986149	0.134975571086886	0.421421112635342	0.766235762123293
0.201564163498056	0.17804915141295	0.0645440391096302	0.5558426459793637	0.801701097167265
0.254158188269285	0.304927773521781	0.0696108945635962	0.37130314364533784	0.687098609423758
0.228934314404366	0.343956102215601	0.153979141849152	0.2731304415308809	0.623034567741329
0.262965271227195	0.197623497888185	0.0538399764315056	0.48557125445311433	0.788472125784945
0.280067686351905	0.291919512913833	0.020498831681157	0.40751396905310505	0.712308220143266
0.276752717070642	0.278491518336875	0.0558109771848354	0.3889447874076476	0.713050072349042
0.363403956980152	0.198070360746111	0.0471707701185941	0.39135491215514295	0.789237635636012
0.326826117779856	0.251226859053489	0.0418991509642563	0.3800478722023988	0.741861458173203
0.256473987406402	0.272743676602186	0.0799616251798967	0.39082071081151537	0.709985773150065
0.244441290574739	0.240011470908604	0.0574583773319032	0.4580888611847538	0.745718449939143
0.301217011952617	0.219197432800378	0.0363260990048333	0.4432594562421717	0.774113916077329
0.216732002148898	0.300524954564638	0.0169884169935442	0.4657546262929198	0.70568942574845706
0.12778047643118	0.169474544831067	0.0694140935881318	0.6333308851496211	0.808946009613217
0.0386728163560447	0.187660295725514	0.10160696208354	0.6720599258349013	0.77905742114205
0.0982129315323696	0.289501564355925	0.157080388650309	0.45520511546139636	0.669509562565733
0.121234565005265	0.254058750797926	0.127254786909001	0.497451897287808	0.71338610912437606
0.189351264399873	0.307394357663111	0.118939120302976	0.38431525763404	0.666802806421424
0.231917565511438	0.0991123076490602	0.0906576444350456	0.5783124824044561	0.862455885273216
0.333721799908263	0.224259582713183	0.103452028801726	0.338566588576828	0.751937697682099
0.266134623214361	0.271001935664859	0.0360966887820421	0.42676675233873795	0.725770836743282
0.357921369968414	0.208140921895534	0.0210650738609324	0.41287263427511955	0.78762936040092
0.221960889847942	0.336946746064528	0.10536726808594	0.33572509600159006	0.644877663218955
0.210222366606967	0.354706972240835	0.0275492211332203	0.4075214400189777	0.651683879900234
0.119354463281949	0.262397503464917	0.103560547652287	0.514687485600847	0.710996705221003
0.261791384429185	0.184662272249889	0.0139786974853849	0.5395676458355411	0.816684294212909
0.165942286096305	0.217441745655372	0.0923973840363276	0.5242185842119954	0.755355810706245
0.0763780731062044	0.250182547152709	0.0719505431002615	0.6014888366408252	0.730019421649543
0.189245936413418	0.298716853698094	0.109932992454896	0.402104217433592	0.680551036419676
0.318396016046144	0.36137013201297	0.0319570564392393	0.2882767955016467	0.645375627291273
0.25208295367153	0.215483558938102	0.0801800041270647	0.4522534832633033	0.759711308923679
0.20133653899529	0.141505932953636	0.0726467753695641	0.5845107526815099	0.830053372241962
0.256831636152133	0.215768268084843	0.0433582347021973	0.48404186106082675	0.774577088254876
0.167431381278229	0.201885197950652	0.00392299421348345	0.6267604265576356	0.798312845508716
0.155865597943261	0.200603867746396	0.0443785373220225	0.5991519969883206	0.785983256447177
0.295574829914231	0.318285309039392	0.103318721926515	0.28282113911986195	0.663916316469972
0.428896826608806	0.331131296810763	0.0995459823873656	0.1404258941930654	0.655603215134125
0.26994552789351	0.207969056604553	0.00746265666669211	0.5146227588352449	0.793320249256863
0.213763451932408	0.32513268517585	0.10960071600954	0.3515031468822021	0.655960236254145
0.128543014084539	0.292222198698306	0.0301886449075216	0.5490461423096334	0.707483379356333
0.159935246663181	0.328504257095759	0.220899281725688	0.290661214515372	0.617987838725499
0.346969605906964	0.211972087316964	0.101706835719638	0.339351471056434	0.753743886883185
0.237265630172081	0.358741958656895	0.0510268722494846	0.35296553892153937	0.639423012668197
0.241655093170232	0.168351030132231	0.063152072468628	0.526841804228909	0.808542127750974
0.181456323480042	0.429289007383251	0.08640504647716	0.30284962265954696	0.565439064105489
0.354957522091899	0.28108979716189	0.132396211433258	0.231556469312953	0.690459901549021
0.298080678561898	0.304406279445957	0.0365853058772911	0.3609277361148539	0.695502525632596
0.318691553641143	0.287350804691574	0.125376151880593	0.26858148978669005	0.682045755733995
0.246685482261746	0.240054433879654	0.0147053701202518	0.4985547137383482	0.762763113851617
0.134664093143292	0.176092076851604	0.0888526613050497	0.6003911687000544	0.793306362557819
0.252855547284716	0.117169982072282	0.0962103231280189	0.533764147514983	0.844380699247084
0.266255211816355	0.328692828535104	0.0453147739022404	0.35973718574630054	0.670330344980938
0.209704722203035	0.281153947933674	0.0195765045096648	0.48956482535362617	0.722204060565378
0.298785834142601	0.260726029916005	0.00699134088094663	0.4334967950604473	0.74595617683731
0.371299016578481	0.2674660937972	0.031744997113406	0.32948989251091293	0.732650228864529
0.250674921441988	0.179570994656956	0.0463901112374752	0.5233639726635808	0.802759092583279
0.230409956230915	0.242772360229397	0.0493749695371537	0.47744271400253435	0.7466138984509
0.0478585947290996	0.150388693803529	0.105700610718606	0.6960521007487653	0.808969602571203
0.38556019320877	0.261271303972637	0.0522373508586756	0.30093115195991743	0.732214091386605
0.226120929097011	0.163930571662109	0.0799730284058986	0.5299754708349814	0.807376024060706
0.128727236802092	0.336372765031572	0.0340276098402486	0.5008723883260875	0.664734031102607
